Car 0.0000 0.0000 0.0000 -534.0000 -2814.0000 6637.0000 2993.0000 1.5846 1.6223 3.8305 -3.0738 0.8666 1.2979 1.2080 0.9999
Car 0.0000 0.0000 0.0000 -84602.0000 -8301.0000 4457.0000 7239.0000 1.5248 1.6289 4.2249 5.7309 0.9228 1.2290 0.2477 0.9998
Car 0.0000 0.0000 0.0000 950.0000 77.0000 1519.0000 260.0000 1.6998 1.7345 4.5191 6.4451 0.8280 8.1015 0.2577 0.9994
Car 0.0000 0.0000 0.0000 373.0000 80.0000 889.0000 282.0000 1.4596 1.6518 4.1554 0.1468 0.8093 6.5009 0.2333 0.9990
Car 0.0000 0.0000 0.0000 -374.0000 151.0000 -38.0000 242.0000 1.4149 1.5919 3.8691 -14.3972 1.0542 13.0463 -0.7255 0.9987
Car 0.0000 0.0000 0.0000 -12032.0000 223.0000 -4272.0000 956.0000 1.5321 1.5628 3.5449 -30.3621 1.8242 3.1453 0.4647 0.9973
Car 0.0000 0.0000 0.0000 625.0000 144.0000 693.0000 208.0000 1.4892 1.5895 3.5202 1.3563 0.8082 18.8234 -1.4477 0.9955
Car 0.0000 0.0000 0.0000 1445.0000 120.0000 1654.0000 170.0000 1.5280 1.6410 4.3436 31.1448 -0.1672 23.9628 0.1213 0.9926
Car 0.0000 0.0000 0.0000 1969.0000 67.0000 2461.0000 161.0000 1.5754 1.6687 4.2794 31.5420 -0.3214 14.3471 0.2608 0.9826
Car 0.0000 0.0000 0.0000 3395.0000 -172.0000 8012.0000 271.0000 1.4868 1.6058 3.8660 25.0024 0.3353 4.4703 -1.0231 0.9732
Car 0.0000 0.0000 0.0000 2240.0000 -74.0000 3756.0000 169.0000 1.5087 1.6040 4.1584 18.6319 -0.0803 6.0631 0.3081 0.9621
