Car 0.0000 0.0000 0.0000 374.0000 83.0000 909.0000 285.0000 1.4561 1.6271 4.1760 0.2117 0.8285 6.3714 0.2011 0.9999
Car 0.0000 0.0000 0.0000 -538.0000 -12899.0000 37702.0000 19567.0000 1.6148 1.6360 3.7474 -3.0957 0.8084 1.3854 1.1871 0.9995
Car 0.0000 0.0000 0.0000 -383.0000 151.0000 -35.0000 241.0000 1.4192 1.6002 3.8779 -14.4510 1.0584 13.0255 -0.5716 0.9982
Car 0.0000 0.0000 0.0000 -17613.0000 203.0000 -5316.0000 1178.0000 1.5002 1.6495 4.0449 -30.8347 1.6320 2.5385 0.3039 0.9969
Car 0.0000 0.0000 0.0000 -301210.0000 -21857.0000 4396.0000 24294.0000 1.5023 1.6324 4.2404 5.7374 0.9273 1.3667 0.2958 0.9961
Car 0.0000 0.0000 0.0000 624.0000 144.0000 693.0000 207.0000 1.4941 1.5977 3.5516 1.3533 0.7954 18.9258 -1.4485 0.9953
Car 0.0000 0.0000 0.0000 1975.0000 66.0000 2467.0000 160.0000 1.5679 1.6596 4.2577 31.5840 -0.3445 14.3144 0.2637 0.9860
Car 0.0000 0.0000 0.0000 951.0000 64.0000 1540.0000 259.0000 1.7428 1.7447 4.5368 6.3813 0.7926 7.9562 0.3075 0.9855
Car 0.0000 0.0000 0.0000 3446.0000 -190.0000 7931.0000 252.0000 1.4928 1.6037 3.8387 25.0008 0.2725 4.4364 -0.9420 0.9839
Car 0.0000 0.0000 0.0000 1446.0000 118.0000 1656.0000 169.0000 1.5279 1.6410 4.3113 31.1835 -0.2156 23.9571 0.1348 0.9799
